0.1	-1.50E-03	
0.2	-2.93E-03	
0.3	-4.20E-03	
0.4	-5.23E-03	
0.5	-5.94E-03	
0.6	-6.27E-03	
0.7	-6.23E-03	
0.8	-5.82E-03	
0.9	-5.06E-03	
1	-3.98E-03	
1.1	-2.59E-03	
1.2	-9.02E-04	
1.3	1.06E-03	
1.4	3.28E-03	
1.5	5.75E-03	
1.6	8.44E-03	
1.7	1.13E-02	
1.8	1.43E-02	
1.9	1.75E-02	
2	2.07E-02	
2.1	2.40E-02	
2.2	2.72E-02	
2.3	3.04E-02	
2.4	3.36E-02	
2.5	3.66E-02	
2.6	3.95E-02	
2.7	4.23E-02	
2.8	4.48E-02	
2.9	4.73E-02	
3	4.95E-02	
3.1	5.16E-02	
3.2	5.35E-02	
3.3	5.52E-02	
3.4	5.67E-02	
3.5	5.80E-02	
3.6	5.91E-02	
3.7	6.00E-02	
3.8	6.07E-02	
3.9	6.13E-02	
4	6.17E-02	
4.1	6.19E-02	
4.2	6.21E-02	
4.3	6.21E-02	
4.4	6.20E-02	
4.5	6.19E-02	
4.6	6.16E-02	
4.7	6.13E-02	
4.8	6.10E-02	
4.9	6.06E-02	
5	6.01E-02	
5.1	5.97E-02	
5.2	5.92E-02	
5.3	5.87E-02	
5.4	5.82E-02	
5.5	5.78E-02	
5.6	5.73E-02	
5.7	5.69E-02	
5.8	5.65E-02	
5.9	5.60E-02	
6	5.57E-02	
6.1	5.53E-02	
6.2	5.49E-02	
6.3	5.45E-02	
6.4	5.42E-02	
6.5	5.38E-02	
6.6	5.35E-02	
6.7	5.31E-02	
6.8	5.28E-02	
6.9	5.25E-02	
7	5.21E-02	
7.1	5.18E-02	
7.2	5.14E-02	
7.3	5.11E-02	
7.4	5.07E-02	
7.5	5.03E-02	
7.6	4.99E-02	
7.7	4.95E-02	
7.8	4.91E-02	
7.9	4.86E-02	
8	4.82E-02	
8.1	4.77E-02	
8.2	4.72E-02	
8.3	4.67E-02	
8.4	4.61E-02	
8.5	4.56E-02	
8.6	4.50E-02	
8.7	4.44E-02	
8.8	4.38E-02	
8.9	4.31E-02	
9	4.25E-02	
9.1	4.18E-02	
9.2	4.11E-02	
9.3	4.05E-02	
9.4	3.97E-02	
9.5	3.90E-02	
9.6	3.83E-02	
9.7	3.75E-02	
9.8	3.68E-02	
9.9	3.60E-02	
10	3.52E-02	
10.1	3.45E-02	
10.2	3.37E-02	
10.3	3.29E-02	
10.4	3.20E-02	
10.5	3.12E-02	
10.6	3.04E-02	
10.7	2.96E-02	
10.8	2.87E-02	
10.9	2.79E-02	
11	    2.70E-02	
11.1	2.62E-02	
11.2	2.53E-02	
11.3	2.44E-02	
11.4	2.36E-02	
11.5	2.27E-02	
11.6	2.18E-02	
11.7	2.10E-02	
11.8	2.01E-02	
11.9	1.92E-02	
12	    1.83E-02	
12.1	1.75E-02	
12.2	1.66E-02	
12.3	1.57E-02	
12.4	1.49E-02	
12.5	1.40E-02	
12.6	1.32E-02	
12.7	1.23E-02	
12.8	1.15E-02	
12.9	1.06E-02	
13	    9.76E-03	
13.1	8.93E-03	
13.2	8.09E-03	
13.3	7.27E-03	
13.4	6.45E-03	
13.5	5.63E-03	
13.6	4.83E-03	
13.7	4.03E-03	
13.8	3.24E-03	
13.9	2.45E-03	
14	    1.68E-03	
14.1	9.12E-04	
14.2	1.55E-04	
14.3	-5.93E-04	
14.4	-1.33E-03	
14.5	-2.06E-03	
14.6	-2.78E-03	
14.7	-3.48E-03	
14.8	-4.18E-03	
14.9	-4.86E-03	
15	    -5.53E-03	
15.1	-6.19E-03	
15.2	-6.83E-03	
15.3	-7.46E-03	
15.4	-8.08E-03	
15.5	-8.69E-03	
15.6	-9.27E-03	
15.7	-9.85E-03	
15.8	-1.04E-02	
15.9	-1.10E-02	
16	    -1.15E-02	
16.1	-1.20E-02	
16.2	-1.25E-02	
16.3	-1.30E-02	
16.4	-1.34E-02	
16.5	-1.39E-02	
16.6	-1.43E-02	
16.7	-1.47E-02	
16.8	-1.51E-02	
16.9	-1.55E-02	
17	    -1.59E-02	
17.1	-1.62E-02	
17.2	-1.66E-02	
17.3	-1.69E-02	
17.4	-1.72E-02	
17.5	-1.75E-02	
17.6	-1.78E-02	
17.7	-1.81E-02	
17.8	-1.84E-02	
17.9	-1.86E-02	
18	    -1.88E-02	
18.1	-1.91E-02	
18.2	-1.93E-02	
18.3	-1.95E-02	
18.4	-1.97E-02	
18.5	-1.98E-02	
18.6	-2.00E-02	
18.7	-2.01E-02	
18.8	-2.03E-02	
18.9	-2.04E-02	
19	    -2.05E-02	
19.1	-2.06E-02	
19.2	-2.07E-02	
19.3	-2.08E-02	
19.4	-2.09E-02	
19.5	-2.10E-02	
19.6	-2.10E-02	
19.7	-2.11E-02	
19.8	-2.11E-02	
19.9	-2.11E-02	
20	    -2.11E-02	
20.1	-2.11E-02	
20.2	-2.11E-02	
20.3	-2.11E-02	
20.4	-2.11E-02	
20.5	-2.11E-02	
20.6	-2.10E-02	
20.7	-2.10E-02	
20.8	-2.09E-02	
20.9	-2.09E-02	
21	    -2.08E-02	
21.1	-2.07E-02	
21.2	-2.07E-02	
21.3	-2.06E-02	
21.4	-2.05E-02	
21.5	-2.04E-02	
21.6	-2.03E-02	
21.7	-2.02E-02	
21.8	-2.00E-02	
21.9	-1.99E-02	
22	    -1.98E-02	
22.1	-1.96E-02	
22.2	-1.95E-02	
22.3	-1.94E-02	
22.4	-1.92E-02	
22.5	-1.90E-02	
22.6	-1.89E-02	
22.7	-1.87E-02	
22.8	-1.85E-02	
22.9	-1.84E-02	
23	    -1.82E-02	
23.1	-1.80E-02	
23.2	-1.78E-02	
23.3	-1.76E-02	
23.4	-1.74E-02	
23.5	-1.73E-02	
23.6	-1.71E-02	
23.7	-1.69E-02	
23.8	-1.67E-02	
23.9	-1.65E-02	
24	    -1.62E-02	
24.1	-1.60E-02	
24.2	-1.58E-02	
24.3	-1.56E-02	
24.4	-1.54E-02	
24.5	-1.52E-02	
24.6	-1.50E-02	
24.7	-1.48E-02	
24.8	-1.45E-02	
24.9	-1.43E-02	
25	    -0.014116	
