0.1	4.85E-04	
0.2	1.02E-03	
0.3	1.65E-03	
0.4	2.43E-03	
0.5	3.40E-03	
0.6	4.61E-03	
0.7	6.06E-03	
0.8	7.77E-03	
0.9	9.73E-03	
1	1.19E-02	
1.1	1.44E-02	
1.2	1.72E-02	
1.3	2.02E-02	
1.4	2.35E-02	
1.5	2.71E-02	
1.6	3.09E-02	
1.7	3.50E-02	
1.8	3.94E-02	
1.9	4.39E-02	
2	4.87E-02	
2.1	5.37E-02	
2.2	5.88E-02	
2.3	6.40E-02	
2.4	6.94E-02	
2.5	7.48E-02	
2.6	8.04E-02	
2.7	8.59E-02	
2.8	9.15E-02	
2.9	9.70E-02	
3	0.1023012	
3.1	0.1074827	
3.2	0.1124471	
3.3	0.1171457	
3.4	0.1215296	
3.5	0.12555	    
3.6	0.1291662	
3.7	0.1323713	
3.8	0.1351667	
3.9	0.1375535	
4	0.1395332	
4.1	0.141107	
4.2	0.1422762	
4.3	0.1430423	
4.4	0.1434065	
4.5	0.14337	    
4.6	0.1429423	
4.7	0.1421648	
4.8	0.1410869	
4.9	0.139758	
5	0.1382275	
5.1	0.136545	
5.2	0.1347597	
5.3	0.1329212	
5.4	0.1310788	
5.5	0.129282	
5.6	0.1275708	
5.7	0.125947	
5.8	0.1244031	
5.9	0.1229314	
6	0.1215244	
6.1	0.1201745	
6.2	0.1188741	
6.3	0.1176156	
6.4	0.1163915	
6.5	0.115194	
6.6	0.1140168	
6.7	0.1128572	
6.8	0.1117136	
6.9	0.1105846	
7	0.1094685	
7.1	0.1083639	
7.2	0.1072691	
7.3	0.1061827	
7.4	0.1051032	
7.5	0.1040288	
7.6	0.1029582	
7.7	0.1018898	
7.8	0.100822	
7.9	9.98E-02	
8	9.87E-02	
8.1	9.76E-02	
8.2	9.65E-02	
8.3	9.54E-02	
8.4	9.44E-02	
8.5	9.33E-02	
8.6	9.22E-02	
8.7	9.11E-02	
8.8	9.00E-02	
8.9	8.90E-02	
9	8.79E-02	
9.1	8.68E-02	
9.2	8.57E-02	
9.3	8.47E-02	
9.4	8.36E-02	
9.5	8.26E-02	
9.6	8.15E-02	
9.7	8.05E-02	
9.8	7.95E-02	
9.9	7.85E-02	
10	7.75E-02	
10.1   7.65E-02	
10.2   7.55E-02	
10.3   7.45E-02	
10.4   7.36E-02	
10.5   7.26E-02	
10.6   7.17E-02	
10.7   7.08E-02	
10.8   6.99E-02	
10.9   6.90E-02	
11	   6.82E-02	
11.1   6.73E-02	
11.2   6.65E-02	
11.3   6.57E-02	
11.4   6.50E-02	
11.5   6.42E-02	
11.6   6.35E-02	
11.7   6.28E-02	
11.8   6.21E-02	
11.9   6.14E-02	
12	   6.08E-02	
12.1   6.02E-02	
12.2   5.96E-02	
12.3   5.91E-02	
12.4   5.86E-02	
12.5   5.81E-02	
12.6   5.76E-02	
12.7   5.71E-02	
12.8   5.67E-02	
12.9   5.63E-02	
13	   5.59E-02	
13.1   5.55E-02	
13.2   5.52E-02	
13.3   5.48E-02	
13.4   5.45E-02	
13.5   5.42E-02	
13.6   5.39E-02	
13.7   5.36E-02	
13.8   5.34E-02	
13.9   5.31E-02	
14	   5.29E-02	
14.1   5.26E-02	
14.2   5.24E-02	
14.3	5.22E-02	
14.4	5.20E-02	
14.5	5.18E-02	
14.6	5.17E-02	
14.7	5.15E-02	
14.8	5.13E-02	
14.9	5.12E-02	
15		5.10E-02	
15.1	5.08E-02	
15.2	5.07E-02	
15.3	5.05E-02	
15.4	5.04E-02	
15.5	5.02E-02	
15.6	5.01E-02	
15.7	5.00E-02	
15.8	4.98E-02	
15.9	4.96E-02	
16		4.95E-02	
16.1	4.93E-02	
16.2	4.92E-02	
16.3	4.90E-02	
16.4	4.88E-02	
16.5	4.86E-02	
16.6	4.85E-02	
16.7	4.83E-02	
16.8	4.81E-02	
16.9	4.79E-02	
17		4.77E-02	
17.1	4.75E-02	
17.2	4.73E-02	
17.3	4.71E-02	
17.4	4.69E-02	
17.5	4.67E-02	
17.6	4.65E-02	
17.7	4.62E-02	
17.8	4.60E-02	
17.9	4.58E-02	
18		4.56E-02	
18.1	4.53E-02	
18.2	4.51E-02	
18.3	4.48E-02	
18.4	4.46E-02	
18.5	4.43E-02	
18.6	4.41E-02	
18.7	4.38E-02	
18.8	4.36E-02	
18.9	4.33E-02	
19		4.31E-02	
19.1	4.28E-02	
19.2	4.25E-02	
19.3	4.23E-02	
19.4	4.20E-02	
19.5	4.17E-02	
19.6	4.15E-02	
19.7	4.12E-02	
19.8	4.09E-02	
19.9	4.06E-02	
20		4.03E-02	
20.1	4.00E-02	
20.2	3.97E-02	
20.3	3.94E-02	
20.4	3.92E-02	
20.5	3.89E-02	
20.6	3.86E-02	
20.7	3.83E-02	
20.8	3.80E-02	
20.9	3.76E-02	
21		3.73E-02	
21.1	3.70E-02	
21.2	3.67E-02	
21.3	3.64E-02	
21.4	3.61E-02	
21.5	3.58E-02	
21.6	3.55E-02	
21.7	3.51E-02	
21.8	3.48E-02	
21.9	3.45E-02	
22		3.42E-02	
22.1	3.38E-02	
22.2	3.35E-02	
22.3	3.32E-02	
22.4	3.29E-02	
22.5	3.25E-02	
22.6	3.22E-02	
22.7	3.19E-02	
22.8	3.15E-02	
22.9	3.12E-02	
23		3.09E-02	
23.1	3.05E-02	
23.2	3.02E-02	
23.3	2.99E-02	
23.4	2.95E-02	
23.5	2.92E-02	
23.6	2.88E-02	
23.7	2.85E-02	
23.8	2.82E-02	
23.9	2.78E-02	
24		2.75E-02	
24.1	2.71E-02	
24.2	2.68E-02	
24.3	2.64E-02	
24.4	2.61E-02	
24.5	2.57E-02	
24.6	2.54E-02	
24.7	2.51E-02	
24.8	2.47E-02	
24.9	2.44E-02	
25		0.024024	
