0.5	-0.0059 0.0034	0.00664 0.00529 0.00148 0.00727
1.5	0.00575	0.02706	0.04964 0.00287 0.00526 0.01214
2.5	0.03662	0.07485	0.11695 0.01314 0.01163 0.02951
3.5	0.05796	0.12555	0.16137 0.0297  0.03049 0.04352
4.5	0.06186	0.14337	0.17339 0.039953333 0.04905 0.04815
5.5	0.057766667	0.129282	0.13269 0.042306    0.04041 0.04112
6.5	0.0538325	0.115194	0.10486 0.036758    0.03177 0.03739
8	0.04817	    0.098682	0.08690 0.030635294 0.017016    0.02328
12	0.018345	0.06081	    0.06524 0.026037647 0.006784375 0.032213333
16	-0.01148	0.04949129	0.05663 0.02144 0.006256875 0.033456452
25	-0.01412	0.024024194	0.05204 0.011095294 0.00507 0.033781613
