LHC Pb+Pb 5.02 TeV, D-meson v2
two columns for each centrality bin to encompass the theoretical uncertainty
in charm quark coalescence probability

-----------------------------------------------------------
1. 0-10%

pT(GeV)       v2

0.1	-2.27175E-4	4.35492E-4
0.3	-6.97871E-4	4.97791E-4
0.5	-1.34406E-4	0.00122
0.7	0.00157	0.0028
0.9	0.00509	0.00376
1.1	0.00979	0.00836
1.3	0.01625	0.00942
1.5	0.02275	0.01745
1.7	0.02807	0.02434
1.9	0.03642	0.03317
2.1	0.04025	0.03919
2.3	0.04689	0.04451
2.5	0.05276	0.04855
2.7	0.05172	0.05271
2.9	0.0555	0.05765
3.1	0.06121	0.06092
3.3	0.05617	0.06042
3.5	0.06092	0.05449
3.7	0.05395	0.05767
3.9	0.05779	0.05829
4.1	0.05296	0.05544
4.3	0.0499	0.05377
4.5	0.04802	0.05255
4.7	0.04087	0.04855
4.9	0.04158	0.04208
5.1	0.03269	0.03923
5.3	0.02704	0.03114
5.5	0.02695	0.03324
5.7	0.02548	0.03089
5.9	0.02616	0.02195
6.1	0.02181	0.02534
6.3	0.01878	0.021
6.5	0.01972	0.02776
6.7	0.01408	0.0258
6.9	0.01458	0.024
7.1	0.02094	0.01548
7.3	0.00852	0.01106
7.5	0.01356	0.00927
7.7	0.00889	0.01358
7.9	0.01263	0.01833
 
  

-------------------------------------------------------------
2. 10-30%

pT(GeV)       v2

0.1	0.002	0.00144
0.3	0.00173	5.41716E-4
0.5	0.00167	9.93972E-4
0.7	0.00412	0.00216
0.9	0.01196	0.00687
1.1	0.02035	0.01344
1.3	0.03277	0.02603
1.5	0.04815	0.04125
1.7	0.06318	0.05194
1.9	0.07737	0.06988
2.1	0.09219	0.08898
2.3	0.10099	0.09932
2.5	0.10979	0.11106
2.7	0.11576	0.1182
2.9	0.11967	0.12149
3.1	0.12079	0.12572
3.3	0.11899	0.12657
3.5	0.11685	0.12854
3.7	0.11549	0.12571
3.9	0.10773	0.1231
4.1	0.10396	0.11272
4.3	0.09343	0.10833
4.5	0.08978	0.10511
4.7	0.08185	0.10143
4.9	0.07738	0.09285
5.1	0.07631	0.08543
5.3	0.06587	0.07959
5.5	0.06295	0.07656
5.7	0.06485	0.06753
5.9	0.05465	0.06595
6.1	0.05112	0.06167
6.3	0.04104	0.05067
6.5	0.03995	0.05342
6.7	0.03815	0.05124
6.9	0.03776	0.05273
7.1	0.03865	0.0428
7.3	0.03031	0.04233
7.5	0.03787	0.04281
7.7	0.02609	0.03208
7.9	0.02922	0.03036
 
	 

----------------------------------------------------------------
3. 30-50%

pT(GeV)       v2

0.1	-6.88082E-4  -2.56946E-4
0.3	0.00322	0.0055
0.5	0.00893	0.00685
0.7	0.01612	0.01212
0.9	0.02417	0.0193
1.1	0.03847	0.03384
1.3	0.05292	0.04636
1.5	0.06933	0.06468
1.7	0.09152	0.0826
1.9	0.0994	0.09558
2.1	0.11052	0.11327
2.3	0.11803	0.12502
2.5	0.12643	0.13368
2.7	0.12695	0.13644
2.9	0.12391	0.13597
3.1	0.12156	0.13592
3.3	0.12038	0.13436
3.5	0.11571	0.1322
3.7	0.11029	0.13154
3.9	0.10572	0.1241
4.1	0.09996	0.11659
4.3	0.09224	0.11593
4.5	0.09012	0.10624
4.7	0.08287	0.09648
4.9	0.08167	0.09028
5.1	0.07267	0.08771
5.3	0.07203	0.08222
5.5	0.06742	0.07382
5.7	0.06388	0.07092
5.9	0.06047	0.06711
6.1	0.05406	0.06499
6.3	0.05549	0.06499
6.5	0.04699	0.05931
6.7	0.04747	0.06153
6.9	0.04224	0.04558
7.1	0.04359	0.05213
7.3	0.03934	0.04463
7.5	0.03643	0.04163
7.7	0.03748	0.0392
7.9	0.04111	0.03657
  
 
	 